0 0 25 0 0 15 0 0 0 0 20 12 0 12 0 0 0 0 20 0 0 0 0 0 0 0 0 0 0 0 0 0 0 0 0 0 0 0 0 0 0 0 0 0 0 0 0 14 0 0 0 0 0 0 0 0 0 0 0 0 0 0 0 0

0 0 0 0 0 0 0 25
0 0 0 0 0 15 0 20
0 0 0 24 0 0 10 0
0 0 0 0 0 0 0 0 
0 0 0 0 0 0 0 0
0 0 0 0 0 0 0 0 
0 0 0 0 0 0 0 0 
0 0 0 0 0 0 0 0 
0 0 0 0 0 0 0 0 




0 25 0 0 0 0 21 21
0 0 0 0 0 0 0 0 
0 15 0 0 0 0 0 0
0 0 0 0 0 0 0 0
0 0 0 0 0 0 0 0
0 0 0 0 0 11 0 0
0 0 0 0 0 11 0 0
0 0 0 0 0 11 0 0



0 25 0 0 0 0 21 21
0 0 0 0 0 0 0 0 
0 15 0 0 0 0 0 0
0 0 0 0 0 0 0 0
0 0 0 0 0 0 0 0
0 0 0 0 0 11 0 0
0 0 0 0 0 11 0 0
0 0 0 0 0 11 0 0

0 0 0 0 0 0 0 0
0 0 0 0 0 0 0 0
0 0 0 0 0 0 0 25
14 0 0 0 0 0 0 0
0 0 0 0 0 0 0 0
0 0 0 0 0 0 0 0
0 0 0 0 0 0 14 0
0 0 0 0 0 0 0 0

0 25 0 0 0 0 0 0
0   0 0 0 0 0 0 0
0 10 10 0 0 0 0 0
0   0 0 0 0 0 0 0
0   0 0 0 0 0 0 0 
0   0 0 0 0 0 0 0 
0   0 0 0 0 0 0 0 
14 0 0 0 0 0 0 0


0 25 0 0 0 0 0 0
0   0 0 0 0 0 0 0
0 15 0 0 0 0 0 0
0   0 0 0 0 0 0 0
0   0 0 0 0 0 0 0 
0   0 0 0 0 0 0 0 
0   0 0 0 0 0 0 0 
14 0 0 0 0 0 0 0







0 25 0 0 0 0 0 0
0   0 0 0 0 0 0 0
0 15 0 0 0 0 0 0
0   0 0 0 0 0 0 0
0   0 0 0 0 0 0 0 
0   0 0 0 0 0 0 0 
0   0 0 0 0 0 0 0 
14 0 0 0 0 0 0 0 // works





0 25 0 0 0 0 0 14
0   0 0 0 0 0 0 0
0 15 0 0 0 0 0 0
0   0 0 0 0 0 0 0
0   0 0 0 0 0 0 0 
0   0 0 0 0 0 0 0 
0   0 0 0 0 0 0 0 
0 0 0 0 0 0 0 0 // works






